0.0 0.33507271345717227 0.05110820107096833 0.22705721701052556 0.10221640214193665
0.0 0.9282567923254007 0.22509275535992362 0.1434864153491986 0.2371556393644273
0.0 0.5700796546696338 0.19172134685327788 0.22734206566265652 0.2801494153733573
0.0 0.7461962671497316 0.2074715116155893 0.23512362293362665 0.2787522636231441
0.0 0.3449047598063135 0.18343483370381466 0.2732181486747128 0.2504527969759495
0.0 0.23768207867424967 0.305738545608037 0.27499581210790214 0.26133017147703874
0.0 0.7618563283611204 0.49046107073719464 0.46633160700549825 0.4191843800690537
0.0 0.3939174897848965 0.5206238830629631 0.5214563022086647 0.5604399723331251
0.0 0.12000870035387012 0.41338115085386107 0.24001740070774025 0.25920130031471
0.0 0.6193102729478691 0.475920765417868 0.15665407276688348 0.14168788232818014
0.0 0.07992716928384029 0.6536764460563302 0.15985433856768058 0.22855685162022465
0.0 0.8113598213626856 0.9050829306751367 0.25491298922946826 0.18983413864972676
0.0 0.5012543016964518 0.8797463230281333 0.23171924833924246 0.2252470560841927
0.0 0.2332807985725664 0.8492312216383557 0.2942652965903052 0.24854014439174643
0.0 0.07186074624762312 0.8754477453647171 0.14372149249524624 0.13646531719317412
