0.0 0.06060606241226196 0.2611111104488373 0.11570248007774353 0.2111111283302307
0.0 0.1556473821401596 0.9097222089767456 0.21212121844291687 0.17499995231628418
0.0 0.18457301706075668 0.519444465637207 0.25344355404376984 0.18888890743255615
0.0 0.172176294028759 0.6958333253860474 0.25068868696689606 0.19722223281860352
0.0 0.21212121099233627 0.2958333194255829 0.21487601101398468 0.24166667461395264
0.0 0.3498622551560402 0.20972222462296486 0.22589533030986786 0.24166666716337204
0.0 0.4490358233451843 0.7569444179534912 0.35812675952911377 0.41388893127441406
0.0 0.5371900796890259 0.39861108362674713 0.4958677291870117 0.44722220301628113
0.0 0.4752065986394882 0.10833333060145378 0.22865012288093567 0.21111110597848892
0.0 0.45730026066303253 0.6138888597488403 0.12121209502220154 0.13888883590698242
0.0 0.7217630743980408 0.08888889476656914 0.2038567066192627 0.17222223430871964
0.0 0.8815426826477051 0.8777777552604675 0.22038567066192627 0.2222222089767456
0.0 0.8746556639671326 0.5625 0.19559228420257568 0.20277774333953857
0.0 0.8870523571968079 0.29305556416511536 0.20936644077301025 0.2638888955116272
0.0 0.9435261487960815 0.10694444179534912 0.10743796825408936 0.19166666269302368
