0.0 0.4057262494270113 0.05258712790307221 0.2375695108502196 0.10517425580614442
0.0 0.17491126980034483 0.11375951661345174 0.2532461540637646 0.2169267422934385
0.0 0.955564802610779 0.21660145327627087 0.08887039477844183 0.21047780138206512
0.0 0.04587704078736811 0.2350477384053931 0.07093362575082796 0.16512839239668792
0.0 0.5166509822941467 0.5007165497544945 0.41225710690115835 0.4325452512803907
0.0 0.8836899942336713 0.4365465366688364 0.1523768305489338 0.19060958057553357
0.0 0.9303010018342235 0.5213228307597138 0.13939799633155303 0.2615704983644426
0.0 0.7689722874387239 0.770771641719692 0.25855565190893015 0.21166109789416243
0.0 0.5986690472725172 0.8503014093448321 0.20872312471984283 0.2122636662820303
0.0 0.5510752506157108 0.9182782923145402 0.3010315907544756 0.16344341537091966
0.0 0.8986990908755685 0.9740828235346226 0.15817903515400988 0.05183435293075478
0.0 0.05746242501208027 0.9552311473769451 0.10750346441223123 0.051326090930131185
