0.0 0.9421487603305785 0.7027777777777777 0.11019283746556474 0.2611111111111112
0.0 0.8443526170798898 0.08055555555555555 0.21763085399449034 0.15555555555555556
0.0 0.8112947658402203 0.4375 0.2672176308539945 0.16944444444444445
0.0 0.8250688705234159 0.2763888888888889 0.26170798898071623 0.18611111111111114
0.0 0.7837465564738292 0.6708333333333334 0.2286501377410468 0.28055555555555556
0.0 0.6391184573002755 0.7555555555555555 0.24793388429752072 0.2944444444444445
0.0 0.5358126721763086 0.2236111111111111 0.38292011019283745 0.38055555555555554
0.0 0.44214876033057854 0.5777777777777777 0.5261707988980716 0.4666666666666667
0.0 0.5041322314049588 0.8777777777777778 0.23691460055096425 0.2333333333333334
0.0 0.522038567493113 0.35416666666666663 0.11845730027548207 0.1305555555555556
0.0 0.24931129476584024 0.9027777777777778 0.20661157024793386 0.18333333333333335
0.0 0.09917355371900827 0.1111111111111111 0.18181818181818188 0.2
0.0 0.10606060606060601 0.4 0.15702479338842976 0.1833333333333333
0.0 0.09366391184573003 0.675 0.1707988980716254 0.30555555555555547
0.0 0.04958677685950408 0.8805555555555555 0.0881542699724518 0.21111111111111114
