0.0 0.05371900826446281 0.6138888888888889 0.10192837465564739 0.23333333333333328
0.0 0.12809917355371903 0.8416666666666667 0.2066115702479339 0.24444444444444446
0.0 0.19696969696969696 0.05 0.20661157024793386 0.09444444444444444
0.0 0.2548209366391185 0.9652777777777778 0.162534435261708 0.06388888888888888
0.0 0.5 0.48333333333333334 0.4159779614325069 0.3944444444444445
0.0 0.42011019283746553 0.11944444444444445 0.18457300275482091 0.14444444444444446
0.0 0.5027548209366391 0.06805555555555555 0.25619834710743805 0.13055555555555556
0.0 0.7589531680440771 0.21944444444444444 0.20110192837465568 0.25
0.0 0.8457300275482094 0.38611111111111107 0.20385674931129483 0.2
0.0 0.918732782369146 0.4305555555555555 0.15702479338842967 0.2944444444444444
0.0 0.965564738292011 0.08055555555555555 0.0633608815426997 0.15555555555555556
0.0 0.9738292011019284 0.9222222222222223 0.04683195592286493 0.10555555555555551
