0.0 0.6138889044523239 0.9462809953838587 0.23333331942558289 0.10192837193608284
0.0 0.8416666723787785 0.8719008266925812 0.24444443732500076 0.20661157369613647
0.0 0.050000011920928955 0.803030289709568 0.0944443941116333 0.20661158859729767
0.0 0.9652777761220932 0.7451790571212769 0.06388889253139496 0.1625344157218933
0.0 0.4833333492279053 0.5 0.39444446563720703 0.41597795486450195
0.0 0.11944442987442017 0.5798898041248322 0.14444446563720703 0.1845729947090149
0.0 0.06805557012557983 0.4972451776266098 0.13055551052093506 0.25619837641716003
0.0 0.21944445371627808 0.24104684591293335 0.25 0.2011018991470337
0.0 0.38611114025115967 0.1542699933052063 0.20000004768371582 0.2038567066192627
0.0 0.4305555820465088 0.08126723766326904 0.2944444417953491 0.15702486038208008
0.0 0.08055555820465088 0.034435272216796875 0.1555556058883667 0.06336092948913574
0.0 0.9222222212702036 0.026170790195465088 0.10555555298924446 0.04683196544647217
