0.0 0.5833333333333333 0.05371900826446281 0.2222222222222222 0.10192837465564739
0.0 0.8208333333333333 0.13085399449035812 0.28055555555555556 0.21212121212121213
0.0 0.05972222222222223 0.20523415977961432 0.10833333333333339 0.22314049586776857
0.0 0.9625 0.2644628099173554 0.06944444444444442 0.18732782369146006
0.0 0.4652777777777778 0.502754820936639 0.336111111111111 0.3939393939393939
0.0 0.1388888888888889 0.43250688705234164 0.1611111111111111 0.17079889807162535
0.0 0.08055555555555555 0.5137741046831956 0.15000000000000002 0.22314049586776857
0.0 0.2277777777777778 0.7520661157024793 0.23333333333333328 0.20385674931129472
0.0 0.3805555555555556 0.8402203856749311 0.16666666666666663 0.209366391184573
0.0 0.41527777777777775 0.9132231404958677 0.2416666666666667 0.16253443526170808
0.0 0.09583333333333333 0.9614325068870524 0.18055555555555558 0.06611570247933884
0.0 0.9166666666666667 0.9710743801652892 0.11111111111111105 0.04683195592286504
