0.0 0.0375 0.05234159779614325 0.06944444444444443 0.09917355371900827
0.0 0.5791666666666667 0.03856749311294766 0.18611111111111117 0.07162534435261708
0.0 0.9027777777777777 0.10192837465564739 0.1611111111111111 0.19834710743801653
0.0 0.15833333333333335 0.3154269972451791 0.23333333333333336 0.17906336088154268
0.0 0.8805555555555555 0.3140495867768595 0.15555555555555556 0.14325068870523416
0.0 0.4888888888888889 0.5151515151515151 0.2944444444444444 0.2754820936639119
0.0 0.7875000000000001 0.637741046831956 0.2305555555555555 0.18457300275482103
0.0 0.9597222222222223 0.7796143250688705 0.06944444444444442 0.15977961432506893
0.0 0.976388888888889 0.8305785123966942 0.036111111111111094 0.10192837465564741
0.0 0.6513888888888889 0.8980716253443526 0.1416666666666666 0.13774104683195587
0.0 0.7541666666666667 0.9022038567493114 0.125 0.15702479338842978
0.0 0.6986111111111111 0.9504132231404959 0.22499999999999998 0.0881542699724518
