0.0 0.03719008341431618 0.96805555280298 0.06887052208185196 0.05833333544433117
0.0 0.02754820790141821 0.4055555462837219 0.04958677478134632 0.1499999761581421
0.0 0.07162534445524216 0.10972219705581665 0.13774104416370392 0.18611109256744385
0.0 0.27685948461294174 0.8444444388151169 0.21212120354175568 0.23888888955116272
0.0 0.27685949206352234 0.13472223281860352 0.1735537052154541 0.1805555820465088
0.0 0.5013774037361145 0.49444444477558136 0.292011022567749 0.2722221910953522
0.0 0.6349862217903137 0.21944445371627808 0.21212124824523926 0.2222222089767456
0.0 0.78925621509552 0.04305553436279297 0.1680440902709961 0.08055555820465088
0.0 0.8471074104309082 0.023611128330230713 0.09090912342071533 0.041666626930236816
0.0 0.9077134728431702 0.34583336114883423 0.12396693229675293 0.11388885974884033
0.0 0.9118457436561584 0.26111114025115967 0.1377410888671875 0.10555553436279297
0.0 0.9559228420257568 0.30694442987442017 0.08264458179473877 0.1805555820465088
