0.0 0.9708333333333333 0.05096418732782369 0.05277777777777781 0.09641873278236915
0.0 0.36944444444444446 0.03856749311294766 0.1333333333333333 0.07162534435261708
0.0 0.11250000000000004 0.10055096418732783 0.18611111111111112 0.19559228650137742
0.0 0.8527777777777779 0.32093663911845727 0.22777777777777775 0.19008264462809915
0.0 0.13472222222222224 0.32093663911845727 0.17499999999999993 0.15702479338842973
0.0 0.4805555555555555 0.5192837465564738 0.3111111111111111 0.2617079889807163
0.0 0.2069444444444445 0.6391184573002755 0.19166666666666665 0.19283746556473824
0.0 0.04583333333333334 0.7837465564738292 0.0805555555555556 0.16253443526170797
0.0 0.02638888888888891 0.8360881542699725 0.04166666666666675 0.09641873278236923
0.0 0.31527777777777777 0.9008264462809917 0.08611111111111103 0.1267217630853994
0.0 0.2513888888888889 0.9063360881542699 0.08055555555555549 0.14325068870523416
0.0 0.2861111111111111 0.9517906336088154 0.13888888888888884 0.08539944903581276
