0.0 0.031944447197020054 0.03719008341431618 0.05833333544433117 0.06887052208185196
0.0 0.5944444537162781 0.02754820790141821 0.1499999761581421 0.04958677478134632
0.0 0.8902778029441833 0.07162534445524216 0.18611109256744385 0.13774104416370392
0.0 0.15555556118488312 0.27685948461294174 0.23888888955116272 0.21212120354175568
0.0 0.8652777671813965 0.27685949206352234 0.1805555820465088 0.1735537052154541
0.0 0.5055555552244186 0.5013774037361145 0.2722221910953522 0.292011022567749
0.0 0.7805555462837219 0.6349862217903137 0.2222222089767456 0.21212124824523926
0.0 0.956944465637207 0.78925621509552 0.08055555820465088 0.1680440902709961
0.0 0.9763888716697693 0.8471074104309082 0.041666626930236816 0.09090912342071533
0.0 0.6541666388511658 0.9077134728431702 0.11388885974884033 0.12396693229675293
0.0 0.7388888597488403 0.9118457436561584 0.10555553436279297 0.1377410888671875
0.0 0.6930555701255798 0.9559228420257568 0.1805555820465088 0.08264458179473877
