0.0 0.9600550964187328 0.9611111111111111 0.07438016528925617 0.06666666666666665
0.0 0.9710743801652892 0.3736111111111111 0.052341597796143224 0.15833333333333333
0.0 0.9228650137741047 0.08750000000000001 0.14876033057851235 0.14722222222222223
0.0 0.6859504132231405 0.825 0.2589531680440771 0.2666666666666667
0.0 0.6818181818181819 0.10694444444444445 0.21763085399449034 0.14166666666666666
0.0 0.453168044077135 0.4569444444444445 0.25068870523415987 0.2638888888888889
0.0 0.3402203856749311 0.19027777777777777 0.17906336088154273 0.20833333333333334
0.0 0.2024793388429752 0.034722222222222224 0.1515151515151516 0.06388888888888888
0.0 0.1515151515151515 0.01944444444444444 0.08815426997245177 0.03333333333333333
0.0 0.09228650137741046 0.3111111111111111 0.11845730027548207 0.12777777777777777
0.0 0.0881542699724518 0.22083333333333333 0.1322314049586777 0.10833333333333336
0.0 0.045454545454545414 0.27083333333333337 0.07988980716253447 0.19722222222222224
