0 0.7152777777777778 0.06611570247933884 0.3416666666666667 0.12672176308539945
0 0.36944444444444446 0.09641873278236915 0.2111111111111111 0.18732782369146006
0 0.9083333333333333 0.15289256198347106 0.17777777777777778 0.25068870523415976
0 0.12777777777777777 0.19146005509641872 0.25 0.30578512396694213
0 0.5069444444444444 0.5041322314049587 0.2916666666666667 0.31955922865013775
0 0.25833333333333336 0.6652892561983471 0.3277777777777778 0.20110192837465565
0 0.38055555555555554 0.756198347107438 0.22777777777777777 0.1790633608815427
0 0.13194444444444445 0.8774104683195593 0.225 0.20110192837465565
0 0.8666666666666667 0.9159779614325069 0.2611111111111111 0.162534435261708
0 0.4597222222222222 0.9655647382920111 0.19166666666666668 0.06336088154269973
