0 0.0625 0.08539944903581267 0.11944444444444445 0.1652892561983471
0 0.5375 0.5 0.24166666666666667 0.2837465564738292
0 0.8458333333333333 0.49449035812672176 0.14166666666666666 0.16804407713498623
0 0.9291666666666667 0.5578512396694215 0.1361111111111111 0.21763085399449036
0 0.05 0.6487603305785123 0.09444444444444444 0.18457300275482094
0 0.41388888888888886 0.8085399449035813 0.17777777777777778 0.20110192837465565
0 0.7694444444444445 0.837465564738292 0.15555555555555556 0.17079889807162535
0 0.4722222222222222 0.8250688705234159 0.1111111111111111 0.11294765840220386
0 0.4652777777777778 0.918732782369146 0.15833333333333333 0.1349862258953168
0 0.8625 0.8884297520661157 0.18055555555555555 0.21763085399449036
