0 0.9041666666666667 0.07024793388429752 0.18611111111111112 0.1349862258953168
0 0.7986111111111112 0.10330578512396695 0.19722222222222222 0.20110192837465565
0 0.9513888888888888 0.2396694214876033 0.09166666666666666 0.209366391184573
0 0.1875 0.3526170798898072 0.13055555555555556 0.21487603305785125
0 0.26944444444444443 0.30303030303030304 0.14444444444444443 0.3305785123966942
0 0.7722222222222223 0.3746556473829201 0.3111111111111111 0.2865013774104683
0 0.4791666666666667 0.5013774104683195 0.33055555555555555 0.2534435261707989
0 0.9708333333333333 0.4696969696969697 0.05277777777777778 0.15151515151515152
0 0.11388888888888889 0.5785123966942148 0.2222222222222222 0.2809917355371901
0 0.9694444444444444 0.5743801652892562 0.05555555555555555 0.08539944903581267
0 0.9472222222222222 0.650137741046832 0.1 0.19834710743801653
0 0.029166666666666667 0.6955922865013774 0.05277777777777778 0.1349862258953168
0 0.41388888888888886 0.7603305785123967 0.1111111111111111 0.08264462809917356
0 0.21388888888888888 0.8016528925619835 0.16111111111111112 0.19834710743801653
0 0.33194444444444443 0.8112947658402204 0.11388888888888889 0.19559228650137742
0 0.8625 0.8636363636363636 0.21388888888888888 0.21212121212121213
0 0.4263888888888889 0.8443526170798898 0.14166666666666666 0.15151515151515152
0 0.4 0.9132231404958677 0.14444444444444443 0.06887052341597796
