0 0.21666666666666667 0.0371900826446281 0.20555555555555555 0.06887052341597796
0 0.4027777777777778 0.11983471074380166 0.3 0.23415977961432508
0 0.8361111111111111 0.17355371900826447 0.32222222222222224 0.3415977961432507
0 0.6333333333333333 0.0881542699724518 0.16111111111111112 0.17079889807162535
0 0.043055555555555555 0.18044077134986225 0.08055555555555556 0.20110192837465565
0 0.6138888888888889 0.1763085399449036 0.2111111111111111 0.20385674931129477
0 0.7833333333333333 0.3333333333333333 0.17777777777777778 0.1322314049586777
0 0.09166666666666666 0.371900826446281 0.17777777777777778 0.20385674931129477
0 0.8361111111111111 0.39118457300275483 0.08888888888888889 0.09917355371900827
0 0.8180555555555555 0.44490358126721763 0.10833333333333334 0.09090909090909091
0 0.7583333333333333 0.4366391184573003 0.17222222222222222 0.16804407713498623
0 0.5055555555555555 0.5055096418732782 0.11666666666666667 0.12396694214876033
0 0.9527777777777777 0.5454545454545454 0.08888888888888889 0.22589531680440772
0 0.2375 0.5647382920110193 0.125 0.17079889807162535
0 0.16805555555555557 0.5674931129476584 0.16944444444444445 0.1928374655647383
0 0.7291666666666666 0.6225895316804407 0.3138888888888889 0.1928374655647383
0 0.8222222222222222 0.7658402203856749 0.24444444444444444 0.24793388429752067
0 0.6319444444444444 0.8829201101928374 0.2361111111111111 0.22865013774104684
0 0.25277777777777777 0.8801652892561983 0.20555555555555555 0.20110192837465565
0 0.9333333333333333 0.931129476584022 0.12777777777777777 0.1322314049586777
0 0.6652777777777777 0.9559228650137741 0.18055555555555555 0.08264462809917356
