0 0.15 0.04269972451790634 0.11666666666666667 0.07988980716253444
0 0.32083333333333336 0.023415977961432508 0.06388888888888888 0.04132231404958678
0 0.25 0.046831955922865015 0.18888888888888888 0.0881542699724518
0 0.16527777777777777 0.20385674931129477 0.24166666666666667 0.21487603305785125
0 0.0375 0.34297520661157027 0.06944444444444445 0.1790633608815427
0 0.6486111111111111 0.38154269972451793 0.20833333333333334 0.20110192837465565
0 0.5041666666666667 0.5027548209366391 0.13055555555555556 0.12947658402203857
0 0.6972222222222222 0.6308539944903582 0.2222222222222222 0.21487603305785125
0 0.07777777777777778 0.5661157024793388 0.15 0.15702479338842976
0 0.1875 0.6391184573002755 0.04722222222222222 0.05509641873278237
0 0.11805555555555555 0.6060606060606061 0.19166666666666668 0.209366391184573
0 0.9263888888888889 0.6308539944903582 0.13055555555555556 0.06611570247933884
0 0.9736111111111111 0.6322314049586777 0.04722222222222222 0.03581267217630854
0 0.9486111111111111 0.7052341597796143 0.09722222222222222 0.1322314049586777
0 0.32222222222222224 0.7148760330578512 0.1111111111111111 0.07988980716253444
0 0.28888888888888886 0.7837465564738292 0.08888888888888889 0.15702479338842976
0 0.39444444444444443 0.7396694214876033 0.17777777777777778 0.15151515151515152
0 0.8819444444444444 0.71900826446281 0.13055555555555556 0.18732782369146006
0 0.10138888888888889 0.803030303030303 0.18055555555555555 0.15702479338842976
0 0.9694444444444444 0.7796143250688705 0.027777777777777776 0.01652892561983471
0 0.9347222222222222 0.8801652892561983 0.125 0.2231404958677686
0 0.3819444444444444 0.8223140495867769 0.175 0.10192837465564739
0 0.0875 0.8677685950413223 0.15833333333333333 0.12121212121212122
0 0.5055555555555555 0.9132231404958677 0.20555555555555555 0.16804407713498623
0 0.5861111111111111 0.9476584022038568 0.17777777777777778 0.09917355371900827
0 0.32222222222222224 0.9628099173553719 0.09444444444444444 0.06887052341597796
0 0.48194444444444445 0.9655647382920111 0.09722222222222222 0.06336088154269973
