0 0.06388888888888888 0.09917355371900827 0.12222222222222222 0.1928374655647383
0 0.9152777777777777 0.18732782369146006 0.1638888888888889 0.15977961432506887
0 0.6888888888888889 0.30991735537190085 0.2388888888888889 0.23415977961432508
0 0.9111111111111111 0.34710743801652894 0.17222222222222222 0.23140495867768596
0 0.5027777777777778 0.4986225895316804 0.15555555555555556 0.18732782369146006
0 0.8291666666666667 0.5247933884297521 0.14722222222222223 0.15151515151515152
0 0.7819444444444444 0.5027548209366391 0.06944444444444445 0.05785123966942149
0 0.7944444444444444 0.559228650137741 0.16666666666666666 0.15977961432506887
0 0.30416666666666664 0.6487603305785123 0.030555555555555555 0.05234159779614325
0 0.25277777777777777 0.6584022038567493 0.2 0.18732782369146006
0 0.9416666666666667 0.6542699724517906 0.1111111111111111 0.18457300275482094
0 0.09861111111111111 0.940771349862259 0.1638888888888889 0.11294765840220386
0 0.16944444444444445 0.9600550964187328 0.06666666666666667 0.0743801652892562
0 0.5763888888888888 0.953168044077135 0.20833333333333334 0.0881542699724518
0 0.8805555555555555 0.8953168044077136 0.18888888888888888 0.20385674931129477
