0 0.7625 0.10330578512396695 0.25277777777777777 0.20110192837465565
0 0.4111111111111111 0.21074380165289255 0.22777777777777777 0.2396694214876033
0 0.625 0.2369146005509642 0.12777777777777777 0.11570247933884298
0 0.6916666666666667 0.2878787878787879 0.18333333333333332 0.22865013774104684
0 0.5944444444444444 0.29614325068870523 0.09444444444444444 0.17355371900826447
0 0.03333333333333333 0.33884297520661155 0.06111111111111111 0.19834710743801653
0 0.6277777777777778 0.35674931129476584 0.06111111111111111 0.07988980716253444
0 0.14305555555555555 0.47107438016528924 0.21944444444444444 0.2534435261707989
0 0.5013888888888889 0.5013774104683195 0.13055555555555556 0.12672176308539945
0 0.7166666666666667 0.46005509641873277 0.16666666666666666 0.0881542699724518
0 0.7583333333333333 0.5289256198347108 0.26666666666666666 0.22589531680440772
0 0.6625 0.49586776859504134 0.06388888888888888 0.03305785123966942
0 0.9458333333333333 0.6005509641873278 0.10277777777777777 0.2369146005509642
0 0.30416666666666664 0.5578512396694215 0.15833333333333333 0.12396694214876033
0 0.3458333333333333 0.6253443526170799 0.24166666666666667 0.21487603305785125
0 0.8527777777777777 0.7727272727272727 0.23333333333333334 0.23415977961432508
0 0.20694444444444443 0.7892561983471075 0.21944444444444444 0.23415977961432508
0 0.05 0.8898071625344353 0.09444444444444444 0.21487603305785125
0 0.7333333333333333 0.9435261707988981 0.2388888888888889 0.10743801652892562
0 0.21388888888888888 0.9600550964187328 0.2111111111111111 0.0743801652892562
