0 0.06388888888888888 0.13636363636363635 0.12222222222222222 0.1790633608815427
0 0.9180555555555555 0.18319559228650137 0.15833333333333333 0.20110192837465565
0 0.17083333333333334 0.14600550964187328 0.041666666666666664 0.07713498622589532
0 0.12222222222222222 0.15977961432506887 0.17222222222222222 0.18181818181818182
0 0.7472222222222222 0.25757575757575757 0.17777777777777778 0.22865013774104684
0 0.5041666666666667 0.4986225895316804 0.24166666666666667 0.2534435261707989
0 0.030555555555555555 0.7341597796143251 0.05555555555555555 0.20110192837465565
0 0.9111111111111111 0.8181818181818182 0.17222222222222222 0.23140495867768596
0 0.6680555555555555 0.9118457300275482 0.1361111111111111 0.15426997245179064
0 0.7361111111111112 0.9008264462809917 0.18888888888888888 0.1928374655647383
