0 0.6152777777777778 0.23140495867768596 0.2361111111111111 0.23140495867768596
0 0.2375 0.349862258953168 0.175 0.15426997245179064
0 0.7125 0.40771349862258954 0.21388888888888888 0.23140495867768596
0 0.2763888888888889 0.44214876033057854 0.175 0.18457300275482094
0 0.5069444444444444 0.49586776859504134 0.14722222222222223 0.1322314049586777
0 0.525 0.7617079889807162 0.25555555555555554 0.21212121212121213
0 0.8958333333333334 0.790633608815427 0.20277777777777778 0.2369146005509642
0 0.1111111111111111 0.8539944903581267 0.21666666666666667 0.22038567493112948
0 0.7472222222222222 0.9228650137741047 0.23333333333333334 0.1487603305785124
0 0.37777777777777777 0.9655647382920111 0.20555555555555555 0.06336088154269973
